   17 14365	

    7 22820	10261  5233	20085  8765	

    1  3213	 3086 20444	 5921  1216	 9052  5240	12044 23160	15136 30909	18020  5744	21088  4657	
24136 17409	27020 30093	

    0 13264	  568 13206	 1191 16924	 1785 13287	 2394 12538	 2973  2674	 3588 14607	 4183 23785	
 4802  3929	 5383 30882	 6005 12806	 6570 27904	 7198 31848	 7790  9280	 8386 24415	 8976 15579	
 9558 17099	10136 27774	10764 28524	11370 30380	11964  9504	12579 22807	13169 22042	13765 29036	
14333 22993	14946 26109	15549 22916	16133  8486	16711  8421	17306 29845	17904 24085	18511  4107	
19089 21764	19746  1020	20356 16572	20936 22694	21517 32059	22104 26860	22713 22635	23333 28688	
23954   851	24536 12118	25152  6553	25759  9295	26344 29246	26987 26925	27608  2460	28180 31338	
28774  6278	29397 12728	
